16
1 385 335
16 1
0 31 31
0 314 31
0 456 31
0 739 31
1 31 269
1 314 269
1 456 269
1 739 269
0 31 401
0 314 401
0 456 401
0 739 401
1 31 639
1 314 639
1 456 639
1 739 639
1 5
0 380 31
88 9999
35 370 10 10
755 370 10 10
65 370 10 10
725 370 10 10
95 370 10 10
695 370 10 10
125 370 10 10
665 370 10 10
155 370 10 10
635 370 10 10
185 370 10 10
605 370 10 10
215 370 10 10
575 370 10 10
245 370 10 10
545 370 10 10
275 370 10 10
515 370 10 10
305 370 10 10
485 370 10 10
335 370 10 10
455 370 10 10
35 320 10 10
755 320 10 10
65 320 10 10
725 320 10 10
95 320 10 10
695 320 10 10
125 320 10 10
665 320 10 10
155 320 10 10
635 320 10 10
185 320 10 10
605 320 10 10
215 320 10 10
575 320 10 10
245 320 10 10
545 320 10 10
275 320 10 10
515 320 10 10
305 320 10 10
485 320 10 10
335 320 10 10
455 320 10 10
365 320 10 10
425 320 10 10
365 290 10 10
425 290 10 10
365 260 10 10
425 260 10 10
365 230 10 10
425 230 10 10
365 200 10 10
425 200 10 10
365 170 10 10
425 170 10 10
365 140 10 10
425 140 10 10
365 110 10 10
425 110 10 10
365 80 10 10
425 80 10 10
365 50 10 10
425 50 10 10
365 370 10 10
425 370 10 10
365 400 10 10
425 400 10 10
365 430 10 10
425 430 10 10
365 460 10 10
425 460 10 10
365 490 10 10
425 490 10 10
365 520 10 10
425 520 10 10
365 550 10 10
425 550 10 10
365 580 10 10
425 580 10 10
365 610 10 10
425 610 10 10
365 640 10 10
425 640 10 10
0 0 800 30
0 0 30 700
0 670 800 30
770 0 30 700
9 0
0 300 375 100
425 300 375 100
345 0 20 700
435 0 20 700
0 162 375 6
425 162 375 6
0 534 375 6
425 534 375 6
185 0 5 700
610 0 5 700